depth alpha beta rho
0 8600.0  5000.00 5000.0
200 8600.0  5000.00 5000.0
400 8600.0  5000.00 5000.0
600 8600.0  5000.00 5000.0
800 8600.0  5000.00 5000.0
1000 8600.0  5000.00 5000.0
1200 8600.0  5000.00 5000.0
1400 8600.0  5000.00 5000.0
1600 8600.0  5000.00 5000.0
1800 8600.0  5000.00 5000.0
2000 8600.0  5000.00 5000.0
2200 8600.0  5000.00 5000.0
2400 8600.0  5000.00 5000.0
2600 8600.0  5000.00 5000.0
2800 8600.0  5000.00 5000.0
3000 8600.0  5000.00 5000.0
3200 8600.0  5000.00 5000.0
3400 8600.0  5000.00 5000.0
3600 8600.0  5000.00 5000.0
3800 8600.0  5000.00 5000.0
4000 8600.0  5000.00 5000.0
4200 8600.0  5000.00 5000.0
4400 8600.0  5000.00 5000.0
4600 8600.0  5000.00 5000.0
4800 8600.0  5000.00 5000.0
5000 8600.0  5000.00 5000.0
5200 8600.0  5000.00 5000.0
5400 8600.0  5000.00 5000.0
5600 8600.0  5000.00 5000.0
5800 8600.0  5000.00 5000.0
6000 8600.0  5000.00 5000.0
6200 8600.0  5000.00 5000.0
6400 8600.0  5000.00 5000.0
