depth   alpha     beta      rho       
000.00  10000.0	  3000.00   13000.0
100.00  10000.0	  3000.00   13000.0
200.00  10000.0	  3000.00   13000.0
300.00  10000.0	  3000.00   13000.0
400.00  10000.0	  3000.00   13000.0
500.00  10000.0	  3000.00   13000.0
600.00  10000.0	  3000.00   13000.0
700.00  10000.0	  3000.00   13000.0
800.00  10000.0	  3000.00   13000.0
1100.0  9000.00	  0.00000   12000.0
1200.0  9000.00	  0.00000   12000.0
1300.0  9000.00	  0.00000   12000.0
1400.0  9000.00	  0.00000   12000.0
1500.0  9000.00	  0.00000   12000.0
1600.0  9000.00	  0.00000   12000.0
1700.0  9000.00	  0.00000   12000.0
1800.0  9000.00	  0.00000   12000.0
1900.0  9000.00	  0.00000   12000.0
2000.0  9000.00	  0.00000   12000.0
2100.0  9000.00	  0.00000   12000.0
2200.0  9000.00	  0.00000   12000.0
2300.0  9000.00	  0.00000   12000.0
2400.0  9000.00	  0.00000   12000.0
2500.0  9000.00	  0.00000   12000.0
2600.0  9000.00	  0.00000   12000.0
2700.0  9000.00	  0.00000   12000.0
2800.0  9000.00	  0.00000   12000.0
2900.0  9000.00	  0.00000   12000.0
3000.0  9000.00	  0.00000   12000.0
3100.0  9000.00	  0.00000   12000.0
3400.0  12000.0	  7000.00   5000.00  
3500.0  12000.0	  7000.00   5000.00  
3600.0  12000.0	  7000.00   5000.00  
3700.0  12000.0	  7000.00   5000.00  
3800.0  12000.0	  7000.00   5000.00  
3900.0  12000.0	  7000.00   5000.00  
4000.0  12000.0	  7000.00   5000.00  
4100.0  12000.0	  7000.00   5000.00  
4200.0  12000.0	  7000.00   5000.00  
4300.0  12000.0	  7000.00   5000.00  
4400.0  12000.0	  7000.00   5000.00  
4500.0  12000.0	  7000.00   5000.00  
4600.0  12000.0	  7000.00   5000.00  
4700.0  12000.0	  7000.00   5000.00  
4800.0  12000.0	  7000.00   5000.00  
4900.0  12000.0	  7000.00   5000.00  
5000.0  12000.0	  7000.00   5000.00  
5100.0  12000.0	  7000.00   5000.00  
5200.0  12000.0	  7000.00   5000.00  
5300.0  12000.0	  7000.00   5000.00  
5400.0  12000.0	  7000.00   5000.00  
5500.0  12000.0	  7000.00   5000.00  
5800.0  9500.00	  5500.00   4000.00  
5900.0  9500.00	  5500.00   4000.00  
6000.0  9500.00	  5500.00   4000.00  
6100.0  9500.00	  5500.00   4000.00  
6200.0  9500.00	  5500.00   4000.00  
6300.0  9500.00	  5500.00   4000.00  
6400.0  9500.00	  5500.00   4000.00  
